A:
 [[ 0.49146243  0.01003945  0.09337006 -0.05595425  0.39549984]
 [ 0.01003945  0.85471041 -0.00115216  0.07901831  0.04079819]
 [ 0.09337006 -0.00115216  0.54330164 -0.15106898  0.20510752]
 [-0.05595425  0.07901831 -0.15106898  0.55689431 -0.034845  ]
 [ 0.39549984  0.04079819  0.20510752 -0.034845    0.75031966]]
Ak:
 [[  1.91009011e-01  -4.88606686e-16  -1.18749944e-09   0.00000000e+00
   -1.75219795e-14]
 [ -4.80867134e-16   8.79661473e-01  -2.29496355e-11  -6.07633498e-09
   -3.31864699e-11]
 [ -1.18749945e-09  -2.29496513e-11   3.83558316e-01  -3.62085695e-14
    6.61744490e-24]
 [  6.39150813e-17  -6.07633498e-09  -3.61671597e-14   5.97703453e-01
   -1.96664832e-21]
 [ -1.73981254e-14  -3.31864710e-11  -3.33703453e-17  -1.78173067e-17
    1.14475620e+00]]
lambdа:
 [ 0.19100901  0.87966147  0.38355832  0.59770345  1.1447562 ]
U:
 [[ 0.75469239 -0.00517835 -0.32156054  0.23943125  0.51931115]
 [ 0.0089055   0.95274481 -0.08875984 -0.28147082  0.07137143]
 [ 0.21312022 -0.10890772  0.7413943  -0.49967721  0.37865031]
 [ 0.14401176  0.2812066   0.58227819  0.7268781  -0.181063  ]
 [-0.60349024  0.03622798 -0.00266571  0.29226319  0.74098731]]
k:
 25
lmax:
 1.14475619702
x:
 [ 0.70083677  0.09631936  0.51100782 -0.24435371  1.        ]
r:
 [  2.14050999e-13  -4.26706170e-11   4.87254681e-12  -1.25978672e-11
  -1.60782498e-12]
||r||:
 6.19629070275e-11
p:
 [4.58801522, -7.82119475, 6.11344651, -2.15665219, 0.2685558]
Pn(l):
 0.00871060548724
eps:
 1e-15
