A:
 [[ 0.88904259 -0.04074833 -0.20607899  0.23188563  0.29949116]
 [-0.04074833  0.40855185 -0.20745243 -0.07389018 -0.03432781]
 [-0.20607899 -0.20745243  1.39038983 -0.18048243  0.22735378]
 [ 0.23188563 -0.07389018 -0.18048243  1.2779927   0.02797188]
 [ 0.29949116 -0.03432781  0.22735378  0.02797188  0.73539567]]
b:
 [ 3.09462028 -2.26830285  0.6738439   4.75989792 -2.23921261]
S:
 [[ 0.94289055 -0.04321639 -0.21856088  0.24593059  0.31763089]
 [ 0.          0.63771796 -0.34011563 -0.09920051 -0.03230417]
 [ 0.          0.          1.10767429 -0.14487225  0.25800754]
 [ 0.          0.          0.          1.08934941 -0.01465988]
 [ 0.          0.          0.          0.          0.75278146]]
D:
 [ 1.  1.  1.  1.  1.]
det:
 0.298315793358 (0.546182930306)
y:
 [ 3.28205673 -3.33449006  0.23207267  3.35574382 -4.51670903]
x:
 [ 4.99979479 -3.99973741  1.9994203   2.99975759 -6.0000269 ]
r1:
 [  4.44089210e-16  -4.44089210e-16   8.88178420e-16  -4.44089210e-16
  -4.44089210e-16]
r2:
 [ -4.44089210e-16  -4.44089210e-16  -1.11022302e-16  -8.88178420e-16
   0.00000000e+00]
||r1||:
 2.6645352591e-15
||r2||:
 1.88737914186e-15
